kdb5_util load_dump version 7
princ	38	15	3	1	0	K/M@EXAMPLE.COM	8388672	86400	0	0	0	0	0	0	8	2	0100	9	8	0100010000000000	2	28	0593776664625f6372656174696f6e404558414d504c452e434f4d00	1	1	18	62	20003192b2d51a396c75eaba6865fc2f1fda6031e44c20236f66c53c91977831fb244e134811233e5ea1e6bf2d7094e41cda95ebfd02e1a7def4c2188453	-1;
princ	38	21	4	2	0	dn/hadoop@EXAMPLE.COM	0	86400	0	0	0	0	0	0	3	24	12345c010000000000000000000000000000000200000000	2	27	6a9a7766726f6f742f61646d696e404558414d504c452e434f4d00	8	2	0100	1	4	6a9a7766	1	2	18	62	2000424cd1207069241abf59869ec71eeae239eafafd39b0b0aa303309519066972a8179b6ef76736e5f0cf2107b78b2aab7777d05fe624f16c758b55501	1	2	17	46	100087dc98b6f613a63649b956665bcd5f5e64021e851f20d752c4e447d17b4c836a7092db1afa1d52c10ee2bd0a	-1;
princ	38	22	4	2	0	jhs/hadoop@EXAMPLE.COM	0	86400	0	0	0	0	0	0	3	24	12345c010000000000000000000000000000000200000000	2	27	a99a7766726f6f742f61646d696e404558414d504c452e434f4d00	8	2	0100	1	4	a99a7766	1	2	18	62	20007b3fb5836ef2c721785dd85a0785a0c4033937630a8e689d736431be45b9541ff77c92441f8ef494a3be3d73c4282c8f92fb6cafd4b9863a1cf99365	1	2	17	46	100014b606573187f85c41be158a5d9de62179b875b4fb2336772656da7f4c28311bd06b8165f73a81cbf02ecd2b	-1;
princ	38	24	4	2	0	kadmin/admin@EXAMPLE.COM	8388612	10800	0	0	0	0	0	0	3	24	12345c010000000000000000000000000000000200000000	2	26	059377666b6462355f7574696c404558414d504c452e434f4d00	8	2	0100	1	4	05937766	1	1	18	62	20002784eaa17107f0a12da437b8a01c74e838f60f9cea1ae060f0b4bc6fd25ba479c0f201f829fa1a58b2b2a0e08002ccff67d600adab11f530a2114112	1	1	17	46	10007c23bb8b277207f9e58585e204db84ec62035746e46f0832fdb0892ebed642c1e8035718a1ea85b278f46fb1	-1;
princ	38	27	4	2	0	kadmin/changepw@EXAMPLE.COM	8396804	300	0	0	0	0	0	0	3	24	12345c010000000000000000000000000000000200000000	2	26	069377666b6462355f7574696c404558414d504c452e434f4d00	8	2	0100	1	4	06937766	1	1	18	62	2000072444532e27fb6897e40251bf40934f803b6d7da5bbd6b2dda2853cfee9ff2ba533d9e1c9c717f08e73b066dcabc156892ff2b274f8e0f6562245a2	1	1	17	46	10001e687a56453ed85de662c6b8a3bd50674cab884cabb076232b8817c1ae158c68c95ae17a5762eabc026749b6	-1;
princ	38	22	4	2	0	kadmin/iot@EXAMPLE.COM	8388612	10800	0	0	0	0	0	0	3	24	12345c010000000000000000000000000000000200000000	2	26	059377666b6462355f7574696c404558414d504c452e434f4d00	8	2	0100	1	4	05937766	1	1	18	62	2000ace402a2e74c52c4fdafddef48948208314e8f9508fabbddc8c3b5e2f2b34271d10621f01fb64d1d19b59fb15387b8f0fb00c7e215dbc5cd7e7590a8	1	1	17	46	10009cb7c1cc01752bf1b079f5f3961b4a1d57c1d06a2029c6f94cf9e2481a764c8a5ca548d31530ddb7c85992d3	-1;
princ	38	22	4	2	0	kiprop/iot@EXAMPLE.COM	0	86400	0	0	0	0	0	0	3	24	12345c010000000000000000000000000000000200000000	2	26	069377666b6462355f7574696c404558414d504c452e434f4d00	8	2	0100	1	4	06937766	1	1	18	62	20009fec96c0e4cd952b0cfe64b2cade375b5e5df4ded9e0b6149f197c140fedf6809aa9c6c5172f93cc1517cfd0f3ebdbbbdd965583fe28e7c774d43623	1	1	17	46	1000901d11415111246d5d9b5e5711be1126b8716ef30695e307db3355190e3f8ea62e77c745332b413454418c25	-1;
princ	38	30	1	2	0	krbtgt/EXAMPLE.COM@EXAMPLE.COM	8388608	86400	0	0	0	0	0	0	2	28	0593776664625f6372656174696f6e404558414d504c452e434f4d00	1	1	18	62	200057f44ac8dea53ad053bf3a350949f14058000f4f587d29d524dfca0f12b9729252d59a4d2cbb46b09f913bb67a6c7d34432ae4e5e521e2e2cb267c0b	1	1	17	46	100065b276f3db800e36c1d9ecacdc73d40d956cea2e7b67f372dd7a8f87b859eefc1b0975724873e9daf16ccc9e	-1;
princ	38	21	4	2	0	nm/hadoop@EXAMPLE.COM	0	86400	0	0	0	0	0	0	3	24	12345c010000000000000000000000000000000200000000	2	27	a49a7766726f6f742f61646d696e404558414d504c452e434f4d00	8	2	0100	1	4	a49a7766	1	2	18	62	2000edfb8fbedd8220d829f6cf4a56bd3900fcd8b5e62255ce8525f445f61c4776323a6a120f3fbc1e25cd39d3f0f1f634c077a240bc8ad16e60fd877de8	1	2	17	46	1000ea07f3a44e2d7b81d208bf7139b2729c11c795e03bd4446544b67de4f953cd8b5f7cf37ef9e075363e65140a	-1;
princ	38	21	4	2	0	nn/hadoop@EXAMPLE.COM	0	86400	0	0	0	0	0	0	3	24	12345c010000000000000000000000000000000200000000	2	27	5a9a7766726f6f742f61646d696e404558414d504c452e434f4d00	8	2	0100	1	4	5a9a7766	1	3	18	62	20006827e8059235d84b7ca6b8420f0d7218ea965755d060237e0e4e47e40e3c1d628144306de9c4040073aa82abcc7aedc58a7a8fab228f28825eaf4ad8	1	3	17	46	10006a216a368b5e2f4c3ca52992f9a7ff7685c311d8a515f585574d3e26efaec3ee78d304ea3e302a7659414eab	-1;
princ	38	21	4	2	0	rm/hadoop@EXAMPLE.COM	0	86400	0	0	0	0	0	0	3	24	12345c010000000000000000000000000000000200000000	2	27	9f9a7766726f6f742f61646d696e404558414d504c452e434f4d00	8	2	0100	1	4	9f9a7766	1	2	18	62	200037d88a77f6d30bf2ffc6a66877f195acdfb23672f28119f9d5c9b810b83a370a808349fe83cc5c4c92f3171217c798e5743cd727152b5f7439f6349b	1	2	17	46	1000d415d194ab3a0467de6bac8cb1dbb5a884855488029a6c55be0d0b924bf7f47f871d17471ff5f0c6cbefeb0f	-1;
princ	38	21	4	2	0	sn/hadoop@EXAMPLE.COM	0	86400	0	0	0	0	0	0	3	24	12345c010000000000000000000000000000000200000000	2	27	639a7766726f6f742f61646d696e404558414d504c452e434f4d00	8	2	0100	1	4	639a7766	1	2	18	62	200038632e4dd55e92fd31e2a9ee7fed796a3c27f871abbf793703ce0e72c136fb0e7a8b3236c9af908213c18316b1cdef1685cec9330010f8c2afaadbec	1	2	17	46	1000b4e6be8b4c0714974f031b0d9a7f572f1301e28baa556d2c8e02e08ad4443629731ea4230e3ea28604c636eb	-1;
